Time_s   F1_Hz   F2_Hz   F3_Hz   F4_Hz
0.544167   332.975474   2387.774029   2823.955419   3680.051264
0.550417   386.256746   2555.775307   2800.521218   3633.756669
0.556667   399.911094   2760.511384   2886.422364   3932.293210
0.562917   442.236186   2596.295554   3327.280446   4200.999422
0.569167   411.370762   2225.140787   3156.887529   3925.162295
0.575417   381.066976   2207.154827   2957.206881   3721.994963
0.581667   401.817907   2162.090288   2959.966280   3644.508895
0.587917   407.608700   2143.570195   3031.593002   3678.890446
0.594167   370.088215   2201.278926   3009.411044   3760.652132
0.600417   359.783344   2128.772364   3006.048349   3860.751924
0.606667   268.205630   2030.875414   2967.379008   3878.646758
0.612917   256.508411   1848.717598   2860.038595   3174.010592
0.619167   281.299160   2245.125647   3134.937364   4335.454590
0.625417   312.908663   2117.267289   3116.974379   3316.475866
0.631667   321.780166   2066.094570   3044.867958   3092.645428
0.637917   321.478337   2067.370903   2977.411949   3129.849216
0.644167   320.756333   2054.421392   2918.223474   3152.840556
0.650417   310.193386   2059.021055   2956.734975   3126.693638
0.656667   308.293639   2058.000669   2908.728582   3193.824907
0.662917   316.629758   2052.112113   2831.432611   3172.303951
0.669167   320.717060   2058.913315   2803.595077   3150.405169
0.675417   315.643393   2078.991300   2684.436901   3126.398101
0.681667   313.700210   2056.780558   2480.854116   3084.776188
0.687917   317.535951   1956.295257   2198.728355   3092.451665
0.694167   317.568010   1677.663878   2122.292160   3094.365393
0.700417   316.628715   1532.719679   2132.320703   3102.729818
0.706667   315.617753   1363.592603   2207.549049   3146.349407
0.712917   315.743390   1296.161437   2322.767763   3144.534371
0.719167   316.769789   1252.529083   2295.766217   3113.681886
0.725417   315.236102   1243.245247   2284.941279   3303.508299
0.731667   332.336045   1223.172837   2371.270242   3228.814842
0.737917   336.189195   1097.700589   2303.178293   3181.765659
0.744167   341.443903   1029.599112   2286.781701   3126.534321
0.750417   340.455177   1017.754251   2312.905864   3171.800871
0.756667   343.371202   1030.068839   2323.191281   3149.331748
0.762917   360.024247   1065.683129   2382.363390   3141.832003
0.769167   386.071234   1114.320775   2401.734446   3142.776682
0.775417   420.907642   1172.372221   2352.838908   3150.384330
0.781667   442.901555   1236.370151   2335.271367   3160.684243
0.787917   468.746566   1318.548508   2351.512167   3168.018698
0.794167   485.776531   1388.642272   2343.639851   3160.113190
0.800417   507.244812   1440.992785   2325.010900   3163.802814
0.806667   522.229565   1511.202806   2311.740057   3189.424467
0.812917   525.479248   1569.958235   2339.580466   3205.591436
0.819167   531.754010   1627.051956   2346.995462   3227.911402
0.825417   532.171704   1690.899787   2367.852681   3251.277061
0.831667   517.548997   1755.950550   2414.259021   3281.288512
0.837917   505.385746   1797.954507   2480.141742   3312.042421
0.844167   478.238553   1785.329777   2497.619347   3337.069324
0.850417   466.831263   1814.074474   2522.019663   3370.989272
0.856667   447.657854   1852.762506   2579.156885   3421.003838
0.862917   421.110811   1839.310900   2621.639146   3463.090969
0.869167   411.297876   1880.051234   2626.180506   3476.362138
0.875417   406.296022   1905.103793   2634.642600   3519.219490
0.881667   357.591560   1737.621790   2570.758252   3547.915318
0.887917   318.074133   1585.025993   2537.160922   3580.664752
0.894167   298.646161   1421.079632   2555.605595   3434.196166
0.900417   287.497383   1483.118200   2533.203647   3136.766973
0.906667   289.883224   1505.604659   2549.062245   3159.605800
0.912917   295.302338   1629.987246   2616.496683   3265.777887
0.919167   302.685558   1496.080062   2586.691359   3350.620813
0.925417   306.697629   1435.932140   2440.392980   3396.978249
0.931667   291.326152   1661.368991   2620.149020   3150.067077
0.937917   277.281673   1758.496551   2687.436738   3499.605334
0.944167   245.275613   1794.119166   2575.438515   3459.094207
0.950417   231.584340   1759.778804   2528.214844   3423.313100
0.956667   351.430165   1775.562506   2799.873426   3497.725661
0.962917   374.400077   1762.063502   2575.011557   3491.758838
0.969167   309.357066   1714.168636   2403.965983   3415.361073
0.975417   306.715228   1839.798401   3112.134853   3807.762900
0.981667   243.131803   1642.204732   3186.399060   4675.680199
0.987917   1428.267001   3089.175007   4516.262221   4932.783802
0.994167   161.059349   1893.106113   3434.008331   4487.484504
1.000417   157.530794   2044.313849   3579.249785   4478.063176
1.006667   364.034985   2024.397304   3243.683774   4457.763951
1.012917   399.075104   1983.042531   3337.619736   4443.573562
1.019167   1794.204689   3599.263414   4361.336120   5004.694609
1.025417   1716.030271   3635.885587   4335.290758   4960.757357
1.031667   1772.189428   3708.713728   4154.311869   4947.778687
1.037917   317.839438   1915.863205   3576.279563   4157.331216
1.044167   475.040368   1846.447266   3389.230050   4135.064360
1.050417   384.665265   1769.371512   3076.382503   4169.006090
1.056667   223.356247   1706.362823   3113.478595   4123.793954
1.062917   306.450149   1629.302570   3232.673237   4156.349399
1.069167   308.716983   1682.768891   3351.637346   4120.077680
1.075417   334.704708   1721.093962   3366.271489   3885.027460
1.081667   337.495859   1757.216490   3021.567543   3484.789782
1.087917   336.058352   1714.313119   2606.845801   3478.275988
1.094167   328.799282   1672.010206   2561.838180   3505.875566
1.100417   319.664880   1669.994050   2627.923911   3594.762593
1.106667   312.080315   1684.187354   2703.947949   3936.434465
1.112917   303.041763   1643.199345   2729.542668   4141.560868
1.119167   284.267293   1635.283433   2814.569358   4271.183807
1.125417   278.974930   2062.792205   3107.560482   4307.112860
1.131667   283.370720   2155.435538   3401.927920   4417.482861
1.137917   299.364312   2013.289982   3389.496782   4417.139100
1.144167   319.331471   1844.920483   3407.961563   4438.765858
1.150417   298.801005   1804.358188   3409.372869   4368.516230
1.156667   303.038545   1644.050880   3366.573830   4314.772387
1.162917   294.481669   1761.770236   3300.235190   4298.384291
1.169167   339.460201   1551.393664   2745.455938   3831.071437
1.175417   540.227413   1550.826988   2671.252951   3726.807465
1.181667   412.780073   1751.268646   2609.037137   3737.791418
1.187917   281.852434   2537.757687   2805.890770   3586.431172
1.194167   289.863199   2347.574397   2728.773281   3787.049018
1.200417   286.580491   2093.851058   2686.380470   3584.360257
1.206667   285.603676   2068.742381   2966.933542   3265.205367
1.212917   282.088946   2051.065023   3014.785935   3168.680124
1.219167   280.179995   2031.743868   2993.554796   3173.293809
1.225417   276.522090   2039.189334   3058.414971   3169.414279
1.231667   273.873910   2065.724612   3087.956980   3295.246681
1.237917   274.410415   2068.983811   3051.775840   3346.989169
1.244167   277.309795   2068.854367   3010.441506   3343.954423
1.250417   295.379109   1942.806090   3021.306690   3234.928836
1.256667   316.411159   1599.141492   3021.060992   4329.767343
1.262917   305.017831   1681.267831   3086.548653   4254.020839
1.269167   269.445756   2027.359800   3039.419985   4327.887532
1.275417   284.591886   2067.213148   3106.514442   4515.210617
1.281667   296.774879   2048.133796   3130.851587   4616.887374
1.287917   292.878821   2028.377528   3102.267847   4371.356873
1.294167   264.030197   2099.771695   3062.133243   4268.394453
1.300417   221.535248   2078.764370   3093.284322   3609.878141
1.306667   243.490791   2043.657740   3102.590339   3971.044504
1.312917   288.217611   2024.131409   3121.363283   3973.003831
1.319167   356.824204   1918.429651   3119.087010   4287.174470
1.325417   399.325147   1756.712915   2867.729666   3382.934503
1.331667   437.507739   1691.173514   2922.217266   3507.962081
1.337917   381.018394   1727.697579   3200.729344   3684.246286
1.344167   1614.098013   3204.340553   3687.350104   --undefined--
1.350417   181.628271   1635.602646   3159.230980   3645.151037
1.356667   1320.934231   2222.361880   3021.415134   4386.539664
1.362917   600.796849   1685.547547   2756.957675   4023.796037
1.369167   706.501120   1992.173430   2712.912446   4039.594151
1.375417   626.732654   1390.388591   2446.525389   4084.013694
1.381667   650.049778   1404.796398   2431.922109   4033.872386
1.387917   636.144649   1378.305498   2431.598775   3886.713937
1.394167   652.342164   1341.587551   2388.869588   3741.665853
1.400417   668.242345   1351.151473   2319.880088   3736.956204
1.406667   670.557375   1363.765055   2276.350068   3878.728809
1.412917   649.474209   1348.898489   2246.455433   3681.429428
1.419167   650.272820   1346.830524   2233.727063   3578.160650
1.425417   651.479804   1358.197228   2245.380356   3554.645718
1.431667   642.505827   1344.834474   2227.363351   3576.017760
1.437917   629.184146   1326.768078   2212.807410   3574.718814
1.444167   632.838650   1324.103310   2192.502872   3596.473089
1.450417   642.423873   1329.132134   2163.373495   3601.789637
1.456667   611.767947   1329.533003   2137.764768   3562.752118
1.462917   603.636689   1319.538294   2114.985578   3548.131637
1.469167   592.890311   1322.020813   2102.591845   3544.758406
1.475417   572.058729   1323.280222   2069.561582   3545.094454
1.481667   563.253819   1319.303526   2019.189987   3534.155135
1.487917   531.779375   1319.396304   1967.691132   3529.927394
1.494167   534.156956   1310.054614   1939.788260   3519.837896
1.500417   514.033121   1310.304723   1811.452563   3530.147097
1.506667   488.977746   1286.091941   1759.907544   3517.719433
1.512917   477.041642   1270.275143   1699.461961   3483.983353
1.519167   441.327437   1272.395199   1706.616212   3511.126525
1.525417   445.846645   1267.544586   1664.680584   3499.303870
1.531667   435.127830   1262.510098   1635.487280   3462.489814
1.537917   440.323218   1262.639500   1643.933399   3469.020172
1.544167   457.456350   1267.730318   1655.349519   3471.687477
1.550417   452.536487   1273.872885   1662.081489   3478.218112
1.556667   473.562351   1270.517398   1684.399696   3465.290620
1.562917   478.043995   1270.341573   1708.077777   3447.701740
1.569167   484.141089   1279.706883   1722.641696   3440.366317
1.575417   512.570644   1296.231031   1745.948375   3443.999575
1.581667   524.812664   1308.573611   1815.172665   3453.701948
1.587917   537.287234   1306.562541   1861.522803   3467.627089
1.594167   563.961425   1318.711180   1924.621404   3488.633600
1.600417   562.549945   1303.357033   2020.069763   3453.972296
1.606667   585.900254   1301.520959   2076.597817   3427.982674
1.612917   599.029551   1286.272579   2249.296870   3429.740252
1.619167   608.908327   1287.210981   2304.370314   3423.075190
1.625417   621.059320   1281.673279   2413.287529   3414.345510
1.631667   605.912025   1273.199762   2511.952823   3424.232914
1.637917   619.278588   1270.627910   2552.036354   3451.134773
1.644167   613.030114   1272.392043   2572.605151   3492.295407
1.650417   609.915000   1275.647675   2576.908910   3481.154958
1.656667   619.238266   1276.958324   2571.899669   3392.704671
1.662917   598.436225   1260.569855   2560.874195   3361.605367
1.669167   597.330526   1268.025164   2557.988226   3373.558789
1.675417   589.361500   1288.410281   2536.813617   3369.130176
1.681667   537.396947   1302.628574   2499.678072   3399.994716
1.687917   524.008501   1314.091878   2473.450706   3447.847528
1.694167   469.434753   1322.416505   2420.006382   3502.934204
1.700417   449.991766   1321.308398   2493.364610   3629.878347
1.706667   400.451158   1309.616427   2585.510323   3704.572088
1.712917   337.902668   1274.416064   2700.759765   3752.592989
1.719167   302.518485   1160.545530   2542.739102   3594.403814
1.725417   326.535671   1139.821134   2467.495916   3585.053309
1.731667   363.095142   1123.914950   2483.196628   3694.888045
1.737917   398.693680   1241.244734   2442.930153   3712.959931
1.744167   427.595373   1199.427920   2282.728562   3495.576778
1.750417   448.597125   1239.211841   2346.855819   3462.837816
1.756667   491.923625   1266.753961   2532.709095   3476.378615
1.762917   726.263317   1486.494467   2562.999315   3472.137021
1.769167   509.672527   1229.584415   2543.190703   3446.441864
1.775417   546.423320   1265.102665   2624.649781   3419.832070
1.781667   528.298699   1242.556744   2477.588836   3408.221828
1.787917   529.433414   1271.422749   2609.917425   3692.024085
1.794167   366.870290   1267.779888   3026.883916   3803.119013
1.800417   790.987826   1225.725560   3097.961125   4311.653610
1.806667   1167.557611   3545.119405   4318.491548   5028.273845
1.812917   366.003645   1852.834040   3739.019749   4322.016669
1.819167   475.325237   2107.976521   3938.815322   4155.545063
1.825417   417.656492   2089.780325   3653.224152   3982.826749
1.831667   1372.112393   3383.699083   3939.799856   4902.196708
1.837917   1453.333092   3365.739810   3839.507176   4887.891805
1.844167   1530.664676   3328.514677   3761.891662   --undefined--
1.850417   1697.855415   3290.540289   3620.430303   4073.487717
1.856667   1587.924328   3082.364034   3492.513002   4339.633463
1.862917   1400.401864   3012.027647   3679.859574   4645.663448
1.869167   1402.293353   3123.935744   3803.641414   5056.229257
1.875417   290.072948   1435.193643   3015.731667   3951.844075
1.881667   307.466454   1745.657609   2979.563424   4097.078674
1.887917   301.988634   2188.172194   3268.098944   4103.028970
1.894167   275.706655   1743.991248   3011.404273   3822.287306
1.900417   240.671905   1653.133231   3379.008442   3960.456006
1.906667   200.074836   1336.439381   3373.394176   4008.462023
1.912917   197.628727   1340.697325   3420.565860   4200.904890
1.919167   197.990284   1386.406790   3456.157510   4149.277864
1.925417   191.761448   1463.949102   3428.789520   4118.305101
1.931667   193.248303   1502.524721   3422.944703   4280.300112
1.937917   190.718892   1461.793130   3426.537355   4277.962017
1.944167   191.546131   1362.337644   3409.419468   4056.271961
1.950417   172.137849   1298.651117   3380.941449   4021.075061
1.956667   188.837000   1326.379148   3363.609122   4027.032808
1.962917   187.820376   1475.447450   3319.336027   4034.072649
1.969167   176.113660   1513.726891   3354.539020   4055.476452
1.975417   162.919457   1462.711608   3404.655580   4131.397024
1.981667   154.675811   1396.270974   3366.990618   4189.743431
1.987917   96.027684   1541.120612   3343.825338   4071.863170
1.994167   1209.746937   2297.949709   3794.569541   --undefined--
2.000417   703.439124   1240.059837   2541.225240   3493.880649
2.006667   317.450505   1227.228912   2668.216491   3445.758721
2.012917   426.409075   1241.268376   2878.997167   3798.414937
2.019167   440.936139   1288.442484   2527.639069   3346.568395
2.025417   454.935166   1291.316824   2489.671295   3250.852062
2.031667   464.413395   1290.506857   2445.782378   3236.346779
2.037917   503.006652   1306.111565   2400.061804   3179.874542
2.044167   550.047040   1364.616635   2421.058814   3166.385074
2.050417   560.536316   1379.042120   2459.562355   3184.087105
2.056667   574.637355   1383.857950   2351.289517   3099.681591
2.062917   578.201508   1394.031942   2346.627618   3079.163263
2.069167   600.190917   1403.129062   2326.012578   3051.492854
2.075417   613.887289   1435.690904   2363.362726   3113.263850
2.081667   619.772231   1464.934884   2330.261581   3100.199045
2.087917   621.269417   1487.457016   2272.460677   3063.184237
2.094167   614.199631   1532.962482   2267.863606   3089.694964
2.100417   620.934992   1559.700362   2267.185120   3124.362596
2.106667   613.448997   1625.387114   2324.595001   3256.782880
2.112917   591.284043   1659.120678   2357.604829   3231.142654
2.119167   573.756780   1660.392243   2321.701280   3153.154953
2.125417   538.377188   1707.592576   2353.755126   3189.964477
2.131667   541.332444   1738.721926   2334.690829   3173.391554
2.137917   516.710493   1815.154877   2318.778179   3130.156807
2.144167   488.545967   1898.308179   2309.562925   3141.347589
2.150417   448.476012   1898.023919   2286.810337   3098.876939
2.156667   414.907933   2051.204753   2304.175507   3064.361006
2.162917   415.543008   2088.512513   2322.587112   3104.468313
2.169167   382.909042   2058.637845   2305.730898   3150.340462
2.175417   363.587055   2148.608956   2451.280460   3130.652664
2.181667   361.198496   2133.975996   2472.578359   3153.560825
2.187917   351.122533   2117.449980   2526.792190   3163.791689
2.194167   344.129131   2150.357397   2594.295245   3177.556108
2.200417   344.302324   2189.108585   2707.666540   3167.188469
2.206667   329.988515   2218.328508   3096.146488   4071.622199
2.212917   332.903842   2184.351865   3095.076362   4106.776660
2.219167   292.588591   1570.366315   2184.306140   3080.680588
2.225417   299.945467   1817.758044   2219.779334   3056.758717
2.231667   314.934063   2211.222191   3065.843463   4458.089856
2.237917   287.946119   2153.225845   2994.395158   4433.055959
2.244167   253.073399   1960.772208   2781.096280   4365.710406
2.250417   224.411077   1497.985312   1890.863689   3031.310156
2.256667   241.337589   1943.743177   1960.181809   3192.066790
2.262917   265.756061   2160.335250   2166.843918   3099.903117
2.269167   288.703084   2216.389259   3055.893287   4427.725103
2.275417   250.940784   2256.434212   3097.191732   4416.247110
2.281667   312.362547   2239.818024   3099.957742   4396.337442
2.287917   354.925414   2193.094611   3071.578929   3146.472474
2.294167   333.385076   2198.201201   3045.729908   3052.167304
2.300417   326.646146   2240.570293   3048.680584   4428.426643
2.306667   328.459494   2257.161091   3011.947243   4470.763979
2.312917   324.779288   2285.871951   3007.087756   4076.018273
2.319167   331.282876   2259.134468   3029.422441   3679.760274
2.325417   329.002953   2230.002413   3115.519767   3978.983649
2.331667   323.152634   2236.975450   2966.914838   3071.245491
2.337917   303.629343   2207.864912   2816.522264   3111.993611
2.344167   283.169323   2220.830215   2828.728895   3091.747348
2.350417   284.591533   2221.448592   2962.965211   3078.747340
2.356667   263.844486   2232.309965   2566.241404   3063.325344
2.362917   258.342605   2239.191616   2402.896685   3067.824855
2.369167   244.697913   2221.843678   2569.473491   3085.343549
2.375417   232.505291   2206.762374   2834.958967   3082.443929
2.381667   243.760034   2211.705525   2691.261386   3134.333932
2.387917   120.079758   230.540509   2245.093018   3212.858791
2.394167   227.007501   2290.458592   3188.910243   4624.055736
2.400417   255.253677   2441.115905   3170.385777   4628.022326
2.406667   250.785086   2514.586675   3086.935759   4722.153439
2.412917   208.662473   2248.904530   2959.194117   4390.253352
2.419167   221.153567   2223.917163   3117.581389   4430.178566
2.425417   245.314642   2214.689352   3076.155515   4619.218509
2.431667   242.653110   2186.139769   2980.941248   3213.912996
2.437917   276.230004   2174.981049   3005.533257   4530.142736
2.444167   292.239794   2227.237491   3006.957887   4617.101805
2.450417   286.478080   2256.414044   3008.467359   4581.883426
2.456667   294.852957   2204.507344   2907.811786   4532.020263
2.462917   280.732758   2219.355467   2961.058296   4479.422290
2.469167   280.304488   2240.691923   3008.389526   4467.267652
2.475417   244.441577   2204.297279   2996.912116   4387.726747
2.481667   217.946003   2049.011552   2996.462981   4310.273557
2.487917   221.363214   2047.300742   2866.887124   4083.099834
2.494167   208.438434   2124.229572   2859.953378   4283.555815
2.500417   218.209002   2104.887460   2858.352318   4283.092294
2.506667   146.095657   2199.995838   3104.469078   4013.281177
2.512917   1438.966555   2795.156315   3176.714898   4139.650895
2.519167   1174.219766   2566.474138   3140.519758   4068.739095
2.525417   583.706386   2406.995062   3236.681097   3887.998110
2.531667   510.175742   2494.095228   3435.178925   3769.940045
2.537917   506.151540   2797.706878   3409.035481   4033.910311
2.544167   549.555578   1858.173446   3014.704261   3588.702553
2.550417   519.380702   1784.765367   2965.112637   3592.972839
2.556667   411.839268   1976.446528   2952.762560   3635.590343
2.562917   344.824630   2472.240677   3244.873667   4068.827047
2.569167   325.172964   2342.370134   3084.506321   4418.153587
2.575417   321.756045   2205.862556   2992.366092   3542.912375
2.581667   319.388876   2175.192280   2994.942913   3220.369524
2.587917   311.402462   2170.054898   2883.622263   3265.306355
2.594167   319.144236   2152.600897   2878.336686   3246.270703
2.600417   312.591753   2147.072040   2895.451333   3247.872823
2.606667   303.764726   2130.272546   2831.561015   3243.584359
2.612917   302.561615   2131.431822   2836.356801   3258.484609
2.619167   280.041166   2118.486032   2818.885473   3237.089966
2.625417   272.524584   2126.864775   2826.600389   3215.237829
2.631667   277.262218   2124.529231   2798.106728   3236.134914
2.637917   261.671141   2138.891294   2813.388353   3214.854346
2.644167   267.502985   2131.227549   2791.369577   3195.741155
2.650417   263.878203   2175.236134   2844.681046   3054.078428
2.656667   268.916786   2226.930632   2830.004144   3020.477527
2.662917   277.849543   2217.265519   2933.635998   4430.223036
2.669167   271.258418   2260.943508   3153.536928   4468.948385
2.675417   293.759776   2270.916867   3229.824272   4461.314582
2.681667   277.838656   2341.575626   3046.499837   4511.874931
2.687917   265.724139   2343.352846   3002.059536   4532.438318
2.694167   270.372602   2441.445953   3130.724781   4552.013498
2.700417   282.452637   2394.188481   3106.895351   4358.633318
2.706667   289.419828   2404.365917   3122.699042   4183.904650
2.712917   340.023608   2319.437526   3056.571941   4216.903866
2.719167   339.653348   2337.424116   2942.887423   4272.115682
2.725417   346.436315   2290.197111   2948.666025   4363.425656
2.731667   336.911724   2376.132732   2998.519797   4397.993958
2.737917   309.665704   2281.927296   3045.579685   4337.396660
2.744167   292.630845   2244.765899   3056.175865   4331.670178
2.750417   253.602027   2203.074744   2917.736941   4343.135754
2.756667   213.068044   2156.174656   2904.375967   4377.637140
2.762917   208.591006   2224.824109   2929.289368   4264.155723
2.769167   205.760838   2229.251877   2972.870991   3918.676909
2.775417   200.178466   2236.150246   2975.680100   3666.590469
2.781667   212.117550   2168.767648   2913.580677   3329.213589
2.787917   218.470799   2138.640538   2954.020868   3993.191180
2.794167   232.751820   2173.513902   3028.379487   4151.472154
2.800417   217.306288   2139.799278   2998.177156   4187.551096
2.806667   223.800578   2095.216955   2913.701199   4089.008900
2.812917   222.114012   2027.993851   2917.768386   4088.359817
2.819167   216.291830   2022.957104   2999.458644   4265.244145
2.825417   227.912164   1965.103478   2871.611800   4246.113934
2.831667   207.647179   1839.622486   2830.940301   4044.300956
2.837917   557.406907   2146.200385   2752.370808   3776.457882
2.844167   572.446518   2117.773219   2748.593073   3674.854412
2.850417   506.597889   2189.574470   2779.236729   3534.660633
2.856667   510.627956   2481.039799   2941.243763   3241.733796
2.862917   501.644007   2495.669377   3128.362097   3229.419078
2.869167   693.675801   2434.571487   3319.562471   4913.890020
2.875417   562.414938   1836.803420   2548.223686   3425.489792
2.881667   491.200783   2663.165126   3407.404618   4100.301938
2.887917   421.577708   2584.643175   3276.028186   3897.022895
2.894167   395.155369   2622.372684   3360.214108   --undefined--
2.900417   835.487808   2635.829217   3309.971523   4382.758413
2.906667   503.007728   2566.394584   3371.584998   4191.383558
2.912917   472.326618   2587.149878   3335.844255   4146.874170
2.919167   475.889670   2591.045232   3211.115260   4053.196951
2.925417   431.174872   2546.675875   2721.507992   3929.829964
2.931667   429.089885   2520.899859   2821.197138   3557.996814
2.937917   515.321572   2531.176291   2958.463748   3452.387741
