Time_s   F1_Hz   F2_Hz   F3_Hz   F4_Hz
0.445083   885.275527   1935.832898   3430.675424   4313.271561
0.451333   816.092662   1813.363508   3283.028310   4391.606407
0.457583   724.984822   1824.779734   3296.287660   4590.533045
0.463833   970.560208   1762.179679   3991.292290   4478.603012
0.470083   1366.358675   3341.284414   4062.209064   4552.168626
0.476333   1170.031834   3535.303973   3998.064353   4527.790899
0.482583   804.409264   3083.212002   3793.511965   4471.548285
0.488833   987.480704   2653.159600   3623.567055   4423.428688
0.495083   1051.864168   2675.206335   3484.080090   4558.914621
0.501333   1156.450720   2973.650208   3416.448669   4644.340251
0.507583   1263.808499   3294.487344   4642.649762   4856.094596
0.513833   375.588678   1366.861325   3147.214231   4071.182452
0.520083   337.266495   1736.003150   3182.812044   4382.821687
0.526333   1469.880413   1825.758333   3101.790744   4550.359614
0.532583   1242.947915   1881.100244   3066.272111   4541.036053
0.538833   778.573022   1916.253664   3301.041433   4645.426060
0.545083   1464.355976   2151.911899   3159.570901   4551.435461
0.551333   1400.217262   2865.823292   4247.624776   --undefined--
0.557583   1468.645085   2783.915609   3969.590568   4961.737795
0.563833   135.258299   1623.439074   2752.198116   3950.127914
0.570083   319.896425   1957.567701   2793.404502   4075.993039
0.576333   379.311116   2157.608896   2865.200888   3989.782401
0.582583   384.931449   2158.720803   2955.728640   3931.170826
0.588833   420.071351   2134.122885   2839.468356   4006.947180
0.595083   446.584585   2104.194225   2774.375651   4304.359713
0.601333   396.279364   2092.670276   2776.280250   4359.427697
0.607583   382.218811   2058.957366   2943.554107   4380.318340
0.613833   344.624135   2056.072612   2888.012834   4422.575233
0.620083   287.097551   2061.462893   2880.155576   4426.934084
0.626333   284.458418   1982.332298   2818.937693   4463.637470
0.632583   301.284890   2002.533555   2930.428718   4355.932635
0.638833   323.000627   1998.783275   2925.937428   3887.907980
0.645083   338.258187   2011.243031   2918.110530   3626.055005
0.651333   324.470548   2033.735647   2926.119734   3803.855570
0.657583   324.890853   2047.754677   2956.059572   4073.205723
0.663833   326.758978   2037.504573   2974.026721   3942.838167
0.670083   326.527390   2015.269931   2970.402615   3788.223554
0.676333   325.886283   2023.548821   2974.919219   3813.432718
0.682583   323.612704   2059.206960   2979.806131   4295.015714
0.688833   316.268653   2077.486738   2971.612748   4209.941576
0.695083   312.983199   2047.379829   2937.719542   4293.733768
0.701333   327.250258   1977.556972   2856.811193   3295.791038
0.707583   334.161804   1925.143415   2720.403983   3346.756810
0.713833   344.452901   1855.234516   2881.432829   4257.448921
0.720083   359.371405   1898.773923   3014.530633   4251.963248
0.726333   366.280989   1992.003467   3061.859813   4245.351927
0.732583   359.633374   2021.942149   3017.199712   4275.186726
0.738833   369.093518   2038.488923   2978.662985   4253.900254
0.745083   364.758229   1977.110718   3051.680683   4242.632275
0.751333   373.898017   1962.156094   2980.987746   4245.021461
0.757583   384.884100   1982.661036   3021.434756   4263.354182
0.763833   398.544714   1993.477304   3079.374580   4272.429524
0.770083   402.689264   1676.392854   3002.073653   4222.626403
0.776333   412.664608   1657.663375   2927.434276   4214.288189
0.782583   404.169407   1795.844832   2943.573755   4184.673587
0.788833   418.560090   1818.451783   2937.039006   4165.135294
0.795083   426.755925   1486.277202   2297.763186   3364.649613
0.801333   451.793893   1297.319937   2189.748101   3315.948704
0.807583   471.665905   1398.641677   2156.214100   3302.347372
0.813833   485.437826   1543.658089   2170.472517   3296.168548
0.820083   494.646353   1601.371822   2186.586315   3315.356442
0.826333   510.318399   1623.662934   2200.271960   3337.704630
0.832583   520.279658   1661.520872   2223.541830   3358.877551
0.838833   528.032269   1695.966373   2280.713602   3362.217111
0.845083   521.665327   1711.658514   2344.220575   3394.948013
0.851333   512.167717   1732.523633   2378.091822   3428.403544
0.857583   504.401267   1751.823827   2412.540804   3420.696449
0.863833   495.550607   1766.789332   2459.056890   3387.242268
0.870083   485.207726   1793.865486   2475.689330   3408.920527
0.876333   487.106907   1808.083262   2509.934537   3442.952986
0.882583   482.774707   1820.187419   2519.207538   3513.542041
0.888833   469.147700   1832.859743   2517.114371   3567.164017
0.895083   441.772058   1831.795776   2521.695277   3581.993832
0.901333   408.717758   1829.845482   2533.038483   3600.104176
0.907583   388.608606   1811.325702   2527.389706   3588.529689
0.913833   383.980636   1755.673998   2499.111666   3591.027534
0.920083   361.136223   1728.392808   2406.134455   3609.184672
0.926333   303.040812   1714.500285   2479.093107   3636.077352
0.932583   313.595450   1809.644274   2636.133926   3720.177434
0.938833   326.421781   1792.109297   2399.263566   3521.613019
0.945083   303.778313   1750.411920   2388.117701   3682.465732
0.951333   304.799489   1707.069190   2488.014653   4029.762361
0.957583   277.462067   1768.233565   2563.212456   4289.439821
0.963833   263.421657   1778.714492   2580.361753   3647.722205
0.970083   256.349746   1668.345181   2504.350183   3559.734246
0.976333   216.239850   1702.495947   2455.191542   3543.937313
0.982583   201.715370   1778.132378   2461.336814   3506.178777
0.988833   229.487407   1709.569039   2485.236329   3518.065029
0.995083   217.671280   1602.500275   2473.289663   3489.032813
1.001333   251.579905   1693.531817   2311.703306   3445.326690
1.007583   280.975601   1752.818049   2392.623487   3424.117074
1.013833   290.057482   1736.674843   2531.448075   3717.598544
1.020083   295.717943   1835.902137   2663.446868   3769.959024
1.026333   200.610740   1852.861785   2997.640719   4146.786435
1.032583   145.617102   1896.071274   2809.394726   4289.818304
1.038833   145.685313   1907.392677   3366.100654   4501.953411
1.045083   229.655429   1760.935040   3688.749458   4479.748794
1.051333   417.666665   1730.456184   3799.397518   4436.302474
1.057583   487.065475   1928.604760   4032.272443   4415.408929
1.063833   583.914149   2012.135342   4279.028109   4426.470608
1.070083   1881.615983   2279.409055   4099.197700   4396.119825
1.076333   1815.785920   3572.716780   4313.228835   4977.346387
1.082583   1713.993405   3369.222517   4375.077118   5139.677718
1.088833   1665.644415   3391.208444   4201.520284   4989.087516
1.095083   1620.025152   3407.028334   4199.192346   4867.328555
1.101333   1690.203431   3350.796984   4070.975234   4867.230160
1.107583   269.752696   1756.533388   3385.654606   4076.395030
1.113833   293.727832   1799.175673   2846.689114   4113.991728
1.120083   317.254752   1842.811308   3003.132967   4179.584236
1.126333   352.851307   1856.415223   3202.227852   3216.130923
1.132583   341.104829   1891.989860   3192.722392   3449.823177
1.138833   331.981702   1837.754441   2706.114913   3332.955500
1.145083   335.229816   1831.484642   3128.451307   3343.309539
1.151333   329.540089   1783.691496   3131.466819   4118.531300
1.157583   313.428035   1776.411071   3226.315802   4004.819907
1.163833   276.066764   1847.158336   3464.509195   4077.195870
1.170083   270.472062   1770.546451   2811.415019   4031.605894
1.176333   265.090751   1752.828966   2875.177640   4049.532354
1.182583   268.515930   1792.148877   2929.088251   4203.741881
1.188833   258.320327   1839.522652   2899.362392   4496.143213
1.195083   237.168678   1908.937309   3487.964437   4559.880300
1.201333   244.834935   1764.076008   3385.706717   4491.546550
1.207583   261.032985   1725.506046   2456.605186   4114.209822
1.213833   250.560066   1948.108753   2093.870549   4129.530537
1.220083   240.775392   2080.777201   4003.654743   4943.734874
1.226333   226.962232   1923.575223   3441.116075   4448.464534
1.232583   203.670652   2037.061943   2957.490070   4199.755991
1.238833   2329.205496   3288.967527   4354.281537   --undefined--
1.245083   284.312733   2442.217406   2736.877128   4071.094315
1.251333   278.160011   2047.492629   2619.307254   3852.280723
1.257583   291.798112   2008.120461   2747.574692   3713.766790
1.263833   288.695069   2019.516813   2913.731668   4040.732175
1.270083   277.531910   2031.602866   2961.254781   4256.522086
1.276333   264.006265   2082.154323   2944.062297   4296.558942
1.282583   260.440706   1999.416681   2994.425663   4278.505872
1.288833   260.060950   1844.397088   3000.848373   4352.951432
1.295083   263.825606   1988.607983   3028.485239   4269.309045
1.301333   269.704820   2011.086492   3049.865568   4235.123226
1.307583   266.817262   2022.318316   3054.009069   4220.262520
1.313833   270.974115   2029.579582   3049.302224   4185.058090
1.320083   268.298886   2031.051999   3084.252430   4214.130400
1.326333   265.603464   2041.475696   3071.523136   4190.606854
1.332583   268.969562   2032.366024   3051.471237   3908.525347
1.338833   271.362034   2016.809092   3015.567934   3711.146089
1.345083   272.361293   2015.825193   3026.642383   3822.014971
1.351333   298.415372   2014.282026   3088.789977   4180.966754
1.357583   284.918389   2012.634278   3070.054292   4159.999841
1.363833   245.263977   2021.109432   3003.589198   4179.326715
1.370083   286.131228   2026.918755   3010.949283   4243.194289
1.376333   262.980790   2045.719263   2997.211958   4164.056174
1.382583   264.310024   1980.793012   3017.725611   4151.113014
1.388833   254.880802   2005.952475   3079.272441   4214.176056
1.395083   242.044322   2016.621052   3037.274001   4248.214261
1.401333   220.633974   1946.517526   3028.853495   4237.241735
1.407583   219.778734   1934.177739   3001.067559   4200.773840
1.413833   223.732285   2009.774613   3014.279427   4221.115543
1.420083   173.557845   2042.185705   3028.464599   4220.836556
1.426333   191.573452   2055.369728   3118.804076   4300.045342
1.432583   203.417403   2065.976690   3214.113235   4262.996033
1.438833   217.083999   2036.413019   3122.664348   4264.195756
1.445083   262.267119   2019.441067   3041.460437   4164.937551
1.451333   256.753176   2030.776984   2929.465217   4077.074258
1.457583   249.974998   2038.174168   3001.565675   3893.169207
1.463833   243.948691   2033.164783   3051.426663   3997.359729
1.470083   250.762438   2007.982205   3010.017233   3955.425048
1.476333   273.097780   2051.983624   3070.943520   4168.772714
1.482583   261.665535   2102.641179   3094.727106   4237.149866
1.488833   258.852081   2084.743724   3045.172888   4223.040814
1.495083   256.884525   2031.086489   2998.294631   4228.730399
1.501333   258.781104   2005.826418   2965.817561   4230.198931
1.507583   271.060943   2010.190203   2960.525085   4281.174141
1.513833   288.927520   2041.455544   2943.624251   4294.902108
1.520083   275.501634   2056.241683   2949.262947   4251.660261
1.526333   270.150807   2049.851951   2961.973123   4167.798758
1.532583   272.424001   2035.683381   2964.081054   4208.602373
1.538833   278.116654   2036.278034   2970.292225   4203.175878
1.545083   281.592119   2041.652628   2975.466179   4163.065843
1.551333   284.826341   2035.189477   2932.267536   4143.760125
1.557583   289.767142   2028.548465   2904.657009   4138.214269
1.563833   289.025228   2028.228994   2861.197142   4151.495079
1.570083   290.508785   2057.524058   2898.247963   4175.643473
1.576333   293.555248   2067.359022   2781.293954   4144.316149
1.582583   290.311435   2097.778338   2665.135295   4140.595692
1.588833   300.747299   2069.386216   3043.310305   4140.572445
1.595083   293.337295   2039.324533   2566.388495   4112.635349
1.601333   284.212825   2008.054068   2276.027546   3991.453591
1.607583   256.125006   1955.397516   2476.345734   3969.980745
1.613833   205.504987   2013.523828   2615.345299   3963.191508
1.620083   1802.498952   2601.214478   3896.785412   4394.278022
1.626333   223.030966   1780.340433   2485.750688   3928.486975
1.632583   306.856907   1804.618403   2454.323631   3954.807205
1.638833   335.951828   1939.897766   2470.516906   3987.471428
1.645083   332.953281   1954.995650   2353.825825   3992.426548
1.651333   331.482399   1930.329381   2312.896278   4031.870324
1.657583   328.130544   1960.653127   2308.663812   4047.652596
1.663833   333.384336   1924.932168   2274.004276   4068.708308
1.670083   328.358936   1940.139957   2264.204136   4093.562119
1.676333   331.276418   1991.446397   2276.455913   4122.131822
1.682583   337.696264   2039.743300   2389.448224   4010.265345
1.688833   335.316787   2046.267565   2473.964424   3965.367538
1.695083   329.485038   2073.663259   2496.973505   3673.236207
1.701333   328.072329   2054.592946   2801.379051   4039.463830
1.707583   325.875387   2016.739818   2912.330919   4155.392136
1.713833   330.367811   2015.220007   2893.393631   4048.566247
1.720083   331.680375   1983.112132   2850.071116   3957.748796
1.726333   322.999674   1990.609913   2780.322919   3933.227686
1.732583   313.268938   1934.249567   2772.269653   3959.630985
1.738833   315.662523   1880.975411   2736.115198   3947.925143
1.745083   324.109452   1900.180525   2697.941701   3944.254901
1.751333   317.138991   1872.999715   2784.185125   3936.826635
1.757583   310.732525   1870.077833   2778.130379   3931.883322
1.763833   305.031536   1883.848405   2716.087628   3942.438544
1.770083   304.373095   1889.506569   2791.051725   3980.280138
1.776333   302.875721   1848.796300   2772.172277   3965.277607
1.782583   309.358463   1758.473103   2776.840778   3933.951853
1.788833   302.552957   1841.474586   2769.580841   3918.880381
1.795083   296.005468   1933.938527   2775.982564   3912.708687
1.801333   291.142232   1951.678909   3443.974304   3968.330922
1.807583   285.425690   2134.672521   3548.363869   4231.625994
1.813833   280.522289   2301.559398   3705.587300   4213.226321
1.820083   260.432226   2171.656122   3658.714049   4121.604642
1.826333   251.766957   2079.056026   3636.007685   4214.604042
1.832583   271.250735   2081.937034   3626.604803   4110.754257
1.838833   249.427397   2054.854760   3674.943772   4078.732431
1.845083   298.086527   2076.393127   3685.165410   4051.214151
1.851333   303.547749   2095.217382   3384.578936   4122.030671
1.857583   267.204886   2060.536779   3458.725503   4194.453727
1.863833   321.278417   2114.472386   3639.883414   3803.038590
1.870083   355.231015   1939.874675   3097.646566   3847.266674
1.876333   424.435155   1936.498764   3389.874898   3985.415688
1.882583   831.291515   2095.548327   3452.690164   4032.525429
1.888833   367.757891   1969.648781   3582.953686   3611.309278
1.895083   323.005554   1743.531647   3069.973354   3799.588428
1.901333   605.107469   2095.684239   3311.882943   3882.494749
1.907583   681.780231   2152.226586   3266.395309   3919.486399
1.913833   765.669141   1978.580033   3357.130457   3798.324044
1.920083   836.754631   1423.179272   3134.155578   3641.783605
1.926333   1017.746618   1867.134351   3069.408426   3760.429202
1.932583   931.817021   2126.528606   3177.645615   3934.427499
1.938833   864.353666   2021.349166   3261.764580   4048.744392
1.945083   862.675364   1993.084825   3292.040822   4084.939476
1.951333   802.228058   1984.385725   3308.181652   4189.259799
1.957583   788.039583   1919.017180   3226.911059   4190.068631
1.963833   948.440602   1826.490731   2978.367254   4197.730014
1.970083   961.749486   1710.315118   3106.985811   4254.264355
1.976333   789.443686   1692.471619   3266.730371   4148.077624
1.982583   821.809367   1594.230079   3235.763572   4175.061215
1.988833   915.082643   1702.436551   3670.027007   --undefined--
1.995083   759.085000   1874.822946   3274.764647   4249.897252
2.001333   822.252112   1783.330484   3087.326461   4306.211248
2.007583   910.065563   1699.883838   2982.829988   4265.128911
2.013833   1143.489525   1351.000507   2887.212514   4246.945840
2.020083   1327.296468   1574.882260   2760.589698   4261.911629
2.026333   1158.858815   1675.947887   2853.257924   4268.294437
2.032583   970.847846   1926.046362   2968.169541   4281.170661
2.038833   966.552092   2240.957713   3641.006127   4375.777354
2.045083   801.507640   2121.356004   3873.796811   4153.451390
2.051333   660.320662   2053.967766   3137.066327   4101.941010
2.057583   642.203384   1967.964971   3861.408724   4066.527310
2.063833   893.641630   2093.299264   3944.210077   4568.986705
2.070083   1566.201107   2126.015260   3965.623204   4432.362280
2.076333   1891.903803   2027.447405   3926.643850   4254.346927
2.082583   1747.363668   2646.032920   3937.834059   4239.588221
2.088833   1738.089554   2773.690070   3934.042294   4133.428041
2.095083   1654.995976   3456.117262   3690.302670   4006.753884
2.101333   1671.353795   3157.247347   3714.826375   4387.151588
2.107583   1850.525949   2261.729424   3609.107036   4433.947423
2.113833   1262.000761   2213.649987   3634.970733   4354.104295
2.120083   282.934941   1905.489364   3403.824815   3836.859016
2.126333   315.962060   2094.929929   3681.214621   3947.837753
2.132583   303.038623   1851.016701   2476.384545   3699.888411
2.138833   292.454691   1592.732055   2194.567520   3704.905731
2.145083   290.140637   2204.536415   3720.418926   4675.062075
2.151333   257.874184   2146.326434   3653.430222   4156.844966
2.157583   232.719519   2035.033661   3463.058202   4429.368769
2.163833   214.786586   1239.073285   2924.509160   3750.710573
2.170083   210.354517   1776.590299   2638.827973   3772.432746
2.176333   208.582156   1261.244360   2370.917065   3872.777443
2.182583   203.123378   1285.426216   2774.132071   3866.172058
2.188833   198.081038   1307.218309   2936.679958   4031.895184
2.195083   195.753281   1279.705636   3054.997366   4112.760867
2.201333   195.893622   1741.483975   3554.700136   3678.312256
2.207583   199.436966   1400.294145   2956.574111   3941.467793
2.213833   205.398200   1762.233051   3123.695512   3786.836822
2.220083   205.136926   2046.305777   3038.575385   4080.633754
2.226333   276.713751   2096.855236   3113.596092   4128.041951
2.232583   434.979056   2159.317342   2406.305164   4026.783835
2.238833   442.755002   1236.886057   2372.039711   3676.080018
2.245083   470.870765   1256.284872   2376.663914   3583.337097
2.251333   486.615656   1292.843744   2378.974277   3455.654890
2.257583   517.931955   1321.311983   2390.924989   3451.180088
2.263833   545.537459   1357.484881   2408.410112   3432.800082
2.270083   556.770493   1389.705918   2405.398901   3390.847470
2.276333   595.535410   1452.727948   2410.888005   3399.592393
2.282583   634.857198   1525.570402   2426.326221   3415.920959
2.288833   642.159269   1573.447914   2468.585693   3403.118125
2.295083   654.355203   1592.788675   2480.785129   3401.220460
2.301333   657.681954   1585.785840   2476.049456   3387.345780
2.307583   660.914969   1591.768270   2466.216916   3342.362763
2.313833   646.325449   1627.010534   2464.333275   3365.900457
2.320083   640.677377   1647.475861   2465.050581   3371.639136
2.326333   630.011153   1666.063300   2467.879438   3347.144952
2.332583   624.875774   1690.321685   2475.864640   3333.505252
2.338833   603.823809   1710.224776   2475.682012   3287.223516
2.345083   590.615544   1763.224821   2477.075722   3266.651711
2.351333   600.853864   1775.697832   2499.757766   3279.271588
2.357583   581.457325   1808.226259   2507.772666   3354.570528
2.363833   532.271233   1866.326071   2524.717296   3570.421183
2.370083   513.443256   1899.387427   2564.688919   3743.321809
2.376333   500.829315   1924.538779   2598.413742   3818.431599
2.382583   492.296136   1974.939614   2633.068351   3846.360956
2.388833   456.002136   2001.733907   2673.299349   3915.403625
2.395083   439.173179   2010.208430   2696.830811   3945.661636
2.401333   436.169875   2041.183361   2689.812758   3994.683638
2.407583   443.659597   2041.489516   2724.926945   3992.132192
2.413833   445.486238   1957.138517   2723.398607   3956.731789
2.420083   466.248423   2057.536799   2753.790990   3954.890241
2.426333   429.264323   2083.587348   2718.519028   4025.211614
2.432583   410.418846   2079.517235   2733.436575   4039.840587
2.438833   408.482086   2059.435835   2626.187806   4036.177531
2.445083   361.670854   2031.242104   2695.980313   4053.116600
2.451333   332.988499   2004.623762   2760.311700   4111.562883
2.457583   380.546808   1952.543969   2631.096169   4111.191141
2.463833   369.950942   1976.999375   2442.780978   3971.028754
2.470083   343.523333   2049.468726   2709.507899   4154.374983
2.476333   353.523560   2076.522760   2782.848154   4142.657963
2.482583   356.371733   2082.478881   2835.320502   4132.349411
2.488833   348.192005   2099.482929   2786.939855   4170.684483
2.495083   352.930210   2134.663686   2824.688516   4141.337689
2.501333   341.360699   2149.284481   2853.174441   4131.439287
2.507583   337.343816   2149.102191   2857.416356   4176.763440
2.513833   335.161859   2166.317777   2881.947615   4194.788019
2.520083   305.472452   2170.914626   2891.147826   3948.997243
2.526333   284.876255   2139.121688   2862.847607   4118.789563
2.532583   267.816128   2144.455380   2839.534568   4239.536056
2.538833   266.516687   2162.440043   2875.543339   4246.995334
2.545083   272.758022   2159.864672   2865.239856   4272.573545
2.551333   232.086776   2143.238807   2770.756025   4239.732055
2.557583   231.254259   2145.140454   2769.963367   4102.067191
2.563833   236.334717   2152.914319   2803.537726   4346.497595
2.570083   217.461356   2153.279159   2835.343156   4316.027377
2.576333   214.960471   2185.274397   2864.234549   4301.453474
2.582583   211.413795   2207.419537   2898.866086   4233.100715
2.588833   206.216808   2180.741644   2894.453918   4290.057569
2.595083   209.837204   2241.308576   2826.517815   4284.618863
2.601333   206.109227   2032.622185   2744.871285   4264.410479
2.607583   203.554347   1928.065284   2789.935634   4342.642844
2.613833   207.435021   1879.796761   2822.485148   4239.556205
2.620083   204.740852   1723.929465   2769.405416   4068.858423
2.626333   210.238086   1750.676583   2785.866533   4102.983077
2.632583   212.123816   1578.257307   2756.884924   3882.164939
2.638833   226.060554   1661.008393   2707.907367   3933.934423
2.645083   221.538566   1979.240571   2727.723002   3988.457908
2.651333   216.954006   2033.537297   2841.092737   4005.848625
2.657583   230.701188   1964.980842   2827.738406   4078.568037
2.663833   225.525074   1986.047231   2802.193987   4094.764792
2.670083   369.876506   1930.401506   2742.637376   4105.422472
2.676333   203.765621   1668.476781   2753.117973   4006.590511
2.682583   209.942950   1571.448204   2687.668663   3950.187532
2.688833   204.282861   1662.368632   2678.208141   3917.470787
2.695083   143.674021   2268.776739   3199.578931   4187.625144
2.701333   494.755041   2316.321128   3204.800791   4198.375516
2.707583   578.766984   2361.230746   3244.299652   4095.478804
2.713833   578.209426   2168.301945   3162.499719   4086.046832
2.720083   500.251474   2041.936666   3213.192101   4153.011724
2.726333   453.674468   2551.300445   3567.734293   4299.839315
2.732583   417.498251   2503.439227   3346.648715   4193.578968
2.738833   407.807473   2295.872126   3011.263072   4094.781381
2.745083   274.982029   2108.165317   2986.722353   4144.662150
2.751333   280.157743   2087.561715   2951.361134   4108.480982
2.757583   307.153259   2089.751810   2950.271490   4009.854915
2.763833   336.333266   2101.886719   2930.717868   4193.585044
2.770083   336.947956   2120.352281   2947.247684   4099.667714
2.776333   339.515749   2132.730775   2945.738926   3895.640068
2.782583   329.812818   2126.868032   2922.573932   4184.968278
2.788833   325.639217   2144.504172   2952.261409   3986.521170
2.795083   323.548708   2162.918052   2965.427324   4180.299146
2.801333   316.849457   2133.896614   2974.272449   4059.078256
2.807583   314.833984   2163.795354   3008.957101   4289.488076
2.813833   317.134982   2184.464690   3036.882478   4280.704851
2.820083   302.627280   2157.630838   2958.471252   4225.232931
2.826333   301.021134   2143.744104   2917.440922   4231.967177
2.832583   285.852217   2177.002784   2946.259122   4187.484422
2.838833   287.219234   2155.011630   2935.118913   4309.320619
2.845083   300.576088   2152.627121   2929.600571   4310.482768
2.851333   277.533652   2152.772106   2884.010544   4286.535226
2.857583   263.393331   2168.586792   2910.928025   4286.798786
2.863833   234.500168   2184.355251   2979.409266   4359.828590
2.870083   221.721973   2183.046755   2911.422254   4362.896782
2.876333   218.189506   2171.136726   2959.256506   4521.595760
2.882583   215.719470   2191.948900   3079.774964   4619.377368
2.888833   212.870618   2181.779990   3014.112242   4491.708293
2.895083   216.555251   2133.230106   2954.365266   4255.704897
2.901333   216.095283   2158.990414   3000.492947   4059.905738
2.907583   226.723039   2206.811535   3045.488558   4126.644699
2.913833   233.781528   2124.412777   3043.032939   4131.698069
2.920083   244.289583   2084.003037   3098.163202   4130.713245
2.926333   248.813561   2146.973705   3037.189020   4171.403419
2.932583   254.137868   2208.529140   2921.359225   4161.519411
2.938833   232.320582   2012.258735   2895.796417   3574.272141
2.945083   226.372903   1830.868153   2853.392758   3163.950666
2.951333   235.876299   1861.217734   2564.133636   3031.803853
2.957583   269.015129   2109.505323   2950.871897   --undefined--
2.963833   269.723323   1407.591156   2163.015794   2942.827289
2.970083   255.352413   2014.719126   2060.695170   3041.713890
2.976333   238.047612   2041.532695   2092.850558   3055.776795
2.982583   230.957242   2015.445140   2910.108575   4426.215843
2.988833   245.319184   2020.948220   2387.082710   3016.428113
2.995083   275.135704   1603.819311   2575.732081   3030.552468
3.001333   239.518619   1805.584516   2912.773868   3727.632864
3.007583   233.131099   1891.362825   3003.566913   4048.465250
3.013833   206.873399   1971.986765   3026.909682   4130.542522
3.020083   109.602765   2144.486778   2799.830409   4153.171338
3.026333   501.558529   2119.875437   2754.331400   3737.768432
3.032583   585.299853   2056.046750   2723.433006   4035.278576
3.038833   580.452830   2076.613384   2783.902649   3922.910106
3.045083   577.959108   2149.522237   2814.810342   3946.703621
3.051333   511.995060   2172.047072   2833.742327   4192.303992
3.057583   484.389316   2210.199074   2924.724550   4342.561299
3.063833   466.444690   2306.564746   2924.735457   4241.072235
3.070083   511.595564   2272.016104   2851.348085   4001.367747
3.076333   525.501704   2357.936560   2817.432839   3969.416478
3.082583   504.923200   2269.795011   2883.705135   4060.481750
3.088833   498.272363   2312.036502   2825.582411   4281.097342
3.095083   582.867891   2276.992892   2685.176398   4215.445282
3.101333   545.873072   2261.812054   2650.325150   4200.291205
3.107583   558.362650   2117.989982   2702.099689   4117.054734
3.113833   494.104903   2150.593872   2804.432882   4198.071326
3.120083   484.048710   2259.013454   2602.902324   4062.087195
3.126333   505.225623   2199.352393   2609.325651   4083.499352
3.132583   535.190152   2105.138809   2669.168421   4107.597074
3.138833   498.086560   2006.979257   2769.633672   4081.001298
3.145083   365.161039   2196.276283   2900.787453   3835.109944
3.151333   773.907832   2428.163879   3372.946238   4586.063869
3.157583   737.308162   2415.257760   2913.187555   4184.492504
3.163833   666.901622   2308.423883   2577.093938   4035.698839
